0:  3  1  4  1  5  9  2  6  5  3  5  8  9  7  9  3  2  3  8  4  6  2  6  4
1:  1  3  1  4  5  2  6  5  3  5  8  9  7  9  3  2  3  8  4  6  2  6  4  9
2:  1  1  3  4  2  5  5  3  5  6  8  7  9  3  2  3  8  4  6  2  6  4  9  9
3:  1  1  3  2  4  5  3  5  5  6  7  8  3  2  3  8  4  6  2  6  4  9  9  9
4:  1  1  2  3  4  3  5  5  5  6  7  3  2  3  8  4  6  2  6  4  8  9  9  9
5:  1  1  2  3  3  4  5  5  5  6  3  2  3  7  4  6  2  6  4  8  8  9  9  9
6:  1  1  2  3  3  4  5  5  5  3  2  3  6  4  6  2  6  4  7  8  8  9  9  9
7:  1  1  2  3  3  4  5  5  3  2  3  5  4  6  2  6  4  6  7  8  8  9  9  9
8:  1  1  2  3  3  4  5  3  2  3  5  4  5  2  6  4  6  6  7  8  8  9  9  9
9:  1  1  2  3  3  4  3  2  3  5  4  5  2  5  4  6  6  6  7  8  8  9  9  9
10:  1  1  2  3  3  3  2  3  4  4  5  2  5  4  5  6  6  6  7  8  8  9  9  9
11:  1  1  2  3  3  2  3  3  4  4  2  5  4  5  5  6  6  6  7  8  8  9  9  9
12:  1  1  2  3  2  3  3  3  4  2  4  4  5  5  5  6  6  6  7  8  8  9  9  9
13:  1  1  2  2  3  3  3  3  2  4  4  4  5  5  5  6  6  6  7  8  8  9  9  9
14:  1  1  2  2  3  3  3  2  3  4  4  4  5  5  5  6  6  6  7  8  8  9  9  9
15:  1  1  2  2  3  3  2  3  3  4  4  4  5  5  5  6  6  6  7  8  8  9  9  9
16:  1  1  2  2  3  2  3  3  3  4  4  4  5  5  5  6  6  6  7  8  8  9  9  9
17:  1  1  2  2  2  3  3  3  3  4  4  4  5  5  5  6  6  6  7  8  8  9  9  9
18:  1  1  2  2  2  3  3  3  3  4  4  4  5  5  5  6  6  6  7  8  8  9  9  9
19:  1  1  2  2  2  3  3  3  3  4  4  4  5  5  5  6  6  6  7  8  8  9  9  9
20:  1  1  2  2  2  3  3  3  3  4  4  4  5  5  5  6  6  6  7  8  8  9  9  9
21:  1  1  2  2  2  3  3  3  3  4  4  4  5  5  5  6  6  6  7  8  8  9  9  9
22:  1  1  2  2  2  3  3  3  3  4  4  4  5  5  5  6  6  6  7  8  8  9  9  9
 1  1  2  2  2  3  3  3  3  4  4  4  5  5  5  6  6  6  7  8  8  9  9  9
swap count: 108
